95.83258304207725
96.71679447402217
98.62600397367983
100.9992703799459
105.4695283974838
101.94790242096529
102.40298045732834
108.82986405805566
111.59909479522337
115.41144075341722
116.34902635591527
110.3626151841191
110.23408019812989
125.0712877111557
110.18749694565157
120.81052101967002
123.19925666206129
143.1054749888546
170.19598141286954
173.71078176234494
164.27955988317163
168.70737269779855
177.38460060137476
151.82451277827664
126.47909883320752
141.71746087306482
160.2803543459041
146.82514997433287
155.11236559724537
137.2285354796327
135.85005677831526
140.14563004021704
143.58805169187775
150.35926429319215
150.18828860083536
162.97743072198162
163.43405727734296
151.76302351452654
140.50792408508147
139.36484098756773
136.55513626337074
135.93874860406362
134.29380285139823
132.20267365872607
124.19873292760988
122.46752830091908
114.96129467166288
106.36848188921172
97.09219342817806
98.65172104444646
97.73515738592461
92.89403484997428
91.1608096088191
90.08978907344614
79.55988198363126
71.37725280919497
68.08896740819834
76.9204645807639
72.1277062047154
68.64293464098758
69.41188443178649
71.58282744832275
66.79753514101829
61.85803011195147
62.54911417684689
62.11072644632064
61.50313545837658
59.19574189300192
52.41448125221337
53.560446628181985
60.69033788899313
56.62949594644988
56.98098375188426
59.29191493964606
59.029041061663065
59.54976206070132
62.72203893513365
67.58551532866326
72.15729566956746
80.26000191339048
78.05558440689822
83.29696197002252
74.52873586810192
86.67508252049201
56.59994414415069
81.78116265590268
93.69359821413133
88.1381998849618
76.93960115931914
71.75671309148098
71.36223724928061
76.48288364343563
71.37765509336873
75.15568452256123
68.09025182813923
76.84863785961015
77.73342417003673
66.87785327937104
64.3785793920761
62.26307421306728
75.21231899376883
72.64446108431738
46.782894677840595
50.867942351420915
60.069677788737664
65.95934794056903
75.08720616759668
84.4711799252415
89.3148554512041
90.96204732070187
95.14964446705636
98.28975817424602
100.27467453532228
105.2047333198306
102.78705715175872
105.0719496779491
105.91811302825442
109.8927431610204
105.90797534580989
107.38460495480341
105.30594078625471
103.14081863844348
110.11965564586201
106.54698225281248
104.25646030388255
102.27655673169292
100.32737593001548
98.11522569160256
98.32362365997228
96.8459072961024
105.35618169499614
96.87049301495007
96.58080321058995
96.3760724421076
90.8781471459003
88.4305708064973
86.5853786859759
83.04851660938594
79.95282804881919
75.06769365878932
74.88742527652188
67.54958663276985
69.30863964594185
67.67794280275173
69.9713045982762
66.17593426822825
59.10249126731214
59.450177637205854
59.79146726535219
57.847343010518074
56.89452195955003
52.093748525781706
52.070403323681624
49.05055470428129
50.18896170110866
49.12285538677499
48.8950711127238
45.699665112870285
44.662188411463426
44.60881326671167
