0.6652848797133796
25.371436751844527
0.6956761789330372
61.21935931015675
61.01952697511497
0.0
60.98244678883319
11.030907090822522
52.34087489277182
52.34088221130435
47.202374033633426
23.069599900279613
26.859359834218978
1.9961953326934823
0.0
40.87362445105836
0.0
60.038513110323585
60.03851311032358
61.21834482367662
61.21189285659642
0.7436188090014892
0.0
0.0
0.0
8.067623720384931
8.067623720384928
3.034258390743846
3.0348782047018013
3.035154522437953
30.75319387432433
31.819934997473368
34.884763268602235
8.655543149893562
32.14215499851664
30.78063037092012
0.45458457006785713
0.4545845700678571
10.554807503926925
12.842214526269466
0.0
62.26307421306728
