96.2121031733953
391.2055000827892
96.0936854294673
424.3924841767903
178.0191636036892
0.0
177.02335371918525
14.445160766833514
94.53531317751884
94.53556393909194
35.553086264556974
-22.49763864319881
1.5277253758381601
7.852651713895748
0.0
140.8042154073298
3.0395288908824347
62.92453920471296
62.92453920471296
62.76725837852042
184.54130155852584
121.38309142722116
-121.64113496782444
-121.62784169818383
-124.71252903150044
0.16138162230512682
0.16138162230512662
26.32130379297158
26.555033580360686
26.643015729507425
94.0458549721778
92.75759249542274
171.74239225482071
0.0
175.4030155644119
78.03186794197865
0.04514424371012478
0.04514424371012441
124.57155603601183
-24.050855961478206
8.958885175166458
528.1286016647298
-96.36093892263456
60.33873314651003
-0.617172136270202
-0.6083618087869936
-69.42800464315688
-1.2167236175739873
-42.75128794259544
-138.40004318635644
-43.445463784664575
