0.024033882325033448
1.4746258364170168
0.603822695283423
16.288241975843572
21.716118496462148
0.0
23.294370155709814
89.88825264339766
126.20294010372491
126.20440541354095
99.69098480508363
98.45406744123437
98.37573287882974
0.06780139508806911
3.8335925000092574
93.21206378945207
0.0
16.020446885249918
16.02044688524992
14.71519736537244
16.665974812128105
7.440803216088885
0.24372787826335646
0.0
0.0
7.103925739448732
7.103925739448739
0.0
0.0
0.0
92.46717145220758
92.3238311735993
83.19297213036114
10.435453896332485
187.39854116355954
116.1954851225964
1.1591272358501836
1.159127235850177
82.77009542814326
75.47722229821753
0.0
173.71078176234494
