95.80797370850824
447.1418509748099
96.04398986734377
452.09104497913165
207.05642327069182
0.0
209.20155179750063
-59.8447974366565
42.206072010221796
42.20610067404692
30.816038163868555
8.439233543104944
22.60400858354169
0.5327906778150928
0.0
73.1321768678614
0.0
91.14076521885039
91.14076521885039
83.73425335388906
208.27707235577114
124.6025777622663
-124.49910897630862
-124.51133548528873
-120.5881112200491
7.4503555871133385
7.450355587113335
0.36201143625358595
0.4380258348512752
0.40255214779948023
34.72627135420104
35.015195736747856
74.79240487211031
3.3289997959864923
72.64799698294084
33.21302508010941
0.04545845700678452
0.04545845700678573
48.09695437244898
36.30568655906658
-9.995236246078681
432.7035660815068
-74.47629279998696
34.059656778257335
-0.05960394601853739
-0.35023264760778305
-13.637921159981383
-0.7004652952155661
-34.641156663080494
-36.85943427836763
-32.5056292328747
