0.0
0.7306384036056244
2.1111845181313775
1.2275347532994239
0.0
0.4925530111330974
0.0
0.70361807218391
0.0
1.8880603749318647
4.674440442402185
2.6766860214656623
2.505020297450554
3.7896445093448836
4.49323752398364
2.1159541360292233
0.5018084874681443
1.5210397043683295
3.3275554582211515
1.911179719967826
5.334515133976701
1.1140973159537153
1.4111692619490481
1.396486297701818
4.571515242246993
7.872151379225262
8.785333609577037
5.504921441783609
4.281718838112232
11.29652435225808
14.942072040810622
19.819900262101616
16.39726847622426
21.284381175820958
21.890974897749153
24.42717311444226
20.499249249695694
26.471479343221997
34.73971567401576
33.240841711102064
33.02711326733941
32.130356280689725
38.490713148154256
43.13646172668696
41.33025911962113
49.67479945992952
49.10989205336129
58.12062119697087
65.26186449771498
62.35246930097922
69.13841580901304
75.38466821656475
79.22534449422974
75.67661356682659
79.60517898520942
79.46042399367694
77.0446353451191
79.24697927585392
72.1078204429233
62.47180683342668
391.6501616349124
374.99803940597695
355.7791838388274
333.8581515351664
309.4464652030786
282.7335549391943
254.2458802170965
224.1597163161473
186.10560402388856
152.13017920693662
120.20300996627371
88.84158549172618
59.04139034777813
34.057149594034975
15.467378401830148
5.053504653549725
0.5759364664901834
0.0
0.0
0.0
0.0
0.0
0.0
0.0
0.0
0.0
0.0
0.0
0.0
0.0
0.0
0.0
0.0
0.0
0.0
0.0
0.0
0.0
0.0
0.0
0.0
0.0
0.0
0.0
0.0
0.0
0.0
0.0
0.0
0.0
0.0
0.0
0.0
0.0
0.0
0.0
0.0
0.0
0.0
0.0
0.0
0.0
0.0
0.0
0.0
0.0
0.0
0.0
0.0
0.0
0.0
0.0
0.0
0.0
0.0
0.0
0.0
0.0
0.0
0.0
0.0
0.0
0.0
0.0
0.0
0.0
0.0
0.0
0.0
0.0
0.0
0.0
0.0
0.0
0.0
0.0
0.0
0.0
0.0
0.0
