30.72980767020265
153.51533887433277
30.582543609248123
-110.07853972086455
87.07566988579029
0.0
89.46108339391301
100.46281259791623
311.7680874696765
311.7717981751756
298.06408751495957
297.484636752389
245.13038984990007
0.44641969801759773
55.400445614515554
312.2033988656536
0.14935378024191243
294.3711170468765
294.3711170468765
294.4020689314579
197.0092649354662
-98.00115084914904
98.48789099953856
98.48789099953856
98.5213739359275
-4.91151016834922e-16
-7.548268333792313e-15
162.57888032908994
162.79510017864655
158.9215016052055
41.90122882592979
39.16551235085404
103.98136415833194
0.0
93.3620796315618
107.64421630600974
2.283781192487958
2.283781192487958
4.909570427345283
90.90971911270611
0.0
0.0
-132.22668660475102
-115.60063698837985
-0.014492348083708218
8.211666724203917e-15
-19.64825647296651
1.6423333448407834e-14
13.38034585502749
-56.431018231369514
-0.0167499662824939
