2.5905998891990465
19.421352098248853
2.579117331878151
56.94911634167225
63.715258257641956
0.0
63.60294014986266
19.76239598934478
55.02342503719836
55.023378447549575
53.05692108226703
28.43415091398669
27.31625474286466
3.5169912851593916
3.744903245755574
21.170117067026954
1.4217204069848068
53.75235549431207
53.75235549431207
53.35205183313558
56.34397256280484
10.659292867650372
0.061378579001179746
0.056199793557732414
0.0
6.710131284270819
6.71013128427082
10.3027132501175
13.745226014047498
10.299215993550602
31.938947978445036
31.91612871413806
41.37400785988583
0.0
41.37901829916573
31.853121727953734
1.1064217614412424
1.1064217614413192
58.21057148734694
0.0
10.768689540248179
79.03598825875694
