104.17896896994235
465.3745592844775
104.00143228578318
463.56109983178004
248.8660122930127
0.0
252.0942477558118
-45.38092410064939
108.34811673832127
108.34871295374361
53.084998354427505
34.40036757879497
29.809360227954276
3.6655886550971846
0.3744903245755563
62.60653107331916
0.3008653009059518
106.0222155666687
106.0222155666687
99.29183156015074
204.94303067072502
105.2004639478911
-104.7106788656459
-104.76611249482661
-110.14385373876044
6.722328688514827
6.7223286885148275
3.0633898192761326
3.4795673791566717
3.0050964191377916
47.89838331095535
46.70810050621465
131.1290626616127
0.0
130.72295918900664
39.53782644750723
0.34619484280957424
0.34619484280959584
99.326353963531
-53.09647641534847
46.913732714540004
406.1587431835279
-80.81216196566386
44.69780210707985
-0.036412534738347525
-5.38834153632389
-54.921625435162355
-10.77668307264778
-44.71294230364151
-112.40173638299149
-33.11928056342468
