29.41999284284152
134.98279796863136
29.401006925240363
128.57848785723098
101.78556601481046
0.0
101.6944199688728
29.914393999579634
60.66497034843677
60.66497790785461
56.07452929540591
43.666436069551835
40.23515256322514
2.862907724460492
8.691084219305587
20.988232198084685
0.7108285281764402
55.40953079884798
55.40953079884799
55.04172355876593
72.27177812494881
26.325451904460408
0.03630658697530516
0.02402360860854725
0.02150138711585571
6.8062209682213215
6.806220968221301
7.5880638830608556
7.587781326328003
7.497201788691224
12.91617336590542
12.934148407924212
18.641886292090824
0.0
18.70588936103878
15.94731982872742
1.7261504481113101
1.7261504481113137
25.89134190398409
0.0
15.702332300449104
103.49073036869636
