4.05925424353462
20.302600082212194
4.071700653607792
-14.817699936111438
13.121281177008989
1.8270347654505452
11.392861237141911
11.840255388406163
37.58219767903614
37.58226008553846
22.18785749349527
21.873343234404604
12.19619147877343
0.13498994546619503
10.20101206742129
40.88002610496163
0.1366768916709083
39.19200067193137
39.19200067193137
39.20246738609569
26.161932894828542
-13.040410631506399
13.033448355301323
13.033461460709775
13.078497992368543
2.58212587462353e-15
1.0194479063209013e-15
14.477777570402559
14.492325566868978
14.17363199265909
5.867341799243367
5.485571836222369
15.063642007989984
0.0
12.43004654926931
4.397236829456057
0.5474797098852182
0.5474797098852136
9.319436445379278
21.998267184860897
3.37385745705261e-13
0.0
-12.226583433737
-8.356302196207535
-0.006949170796628739
-1.1833933056989815e-15
-15.463278386547694
-2.366786611397963e-15
16.488851283244717
-3.8814619278209332
-0.0
