13.319368885773047
43.346137056406704
13.677490756321909
56.24185990730764
23.035244082698412
0.0
29.20847201401322
9.322747001816229
19.854371851747448
19.87290649213057
13.00115266857368
12.199161554510315
13.032075508100736
0.0015735140480012582
0.07815954891781268
30.93239234635315
0.0
0.8694524806844212
0.8694524806844212
0.3197495063410854
16.748604224245717
16.466925762561964
-16.458952949694098
-16.467630524440715
-16.79661526323256
0.5764995573995962
0.576499557399597
0.0
-0.06729487620900021
-0.14190870999531052
37.38252509771465
37.32006489486588
18.98145473980545
0.7530558528219763
38.751360939057896
17.854542031307105
0.04212604366172409
0.04212604366172325
18.58319882572029
28.055172193068
-5.084126393159908
99.9998674836288
-18.355722806867465
39.36412230154826
-6.011822050042974e-16
-0.2843439756673078
-7.870311222234432
-0.5686879513346156
2.0054832887717216
-4.439343259627443
-17.985582414348926
