14.210565664617786
38.6844437853503
15.083540935822793
40.40777319519449
13.659398108114981
0.0
23.14431274223564
10.489874252443824
19.90105816734028
19.94068307635836
13.040958241197673
10.64714915776728
15.66213988226588
0.0
1.2165236642137212
54.459066900904496
0.01702771436272403
13.443798510019962
13.443798510019962
12.491074164199718
22.844041726703946
10.431828462718668
-13.251479567015743
-13.255769863973349
-13.542174638581486
0.9840464595284555
0.984046459528455
2.8417016522993084
2.766956887902227
2.6003145380717023
49.32419910710587
46.24664378897154
30.026452245732322
0.3727478199959873
52.964577202394516
20.04657880489989
0.2138973095698265
0.2138973095698223
31.38333317937191
48.73623648570944
-6.1718887532677105
0.2544507682023467
-16.12088244730648
44.891162708861394
-2.762079150849804
-0.29996968500208016
-16.034172223491055
-0.5999393700041603
8.75608676858317
-6.812291510978005
-18.52350493862699
