13.870186256149958
61.95906793828752
13.846549365701394
61.71762745729996
33.13353911503298
0.0
33.563340135243216
-6.04192838512174
14.425258519281222
14.425337898248383
7.0676339175113165
4.579998346264808
3.9687605149719447
0.48802937759248893
0.049858916865338346
8.33531235166012
0.04005662373930925
14.115592539830743
14.115592539830743
13.219522242065068
27.285718369155244
14.006186120076034
-13.940977082365317
-13.948357408444496
-14.66433946728271
0.8949978283204402
0.8949978283204404
0.4078537903443127
0.4632628650188619
0.40009271989585826
6.377098031015224
6.218626082574177
17.458269559527718
0.0
17.404201729331202
5.26398967481124
0.04609171119818589
0.046091711198188764
13.224118488021702
-7.069162084322789
6.246003556722141
54.075188814209554
-10.759174805706811
5.950978845304201
-0.004847894386679207
-0.7173933612466902
-7.312158891647232
-1.4347867224933804
-5.952994581765612
-14.964949591664423
-4.409436901001821
