12.75568815184506
59.53160044931566
12.787110886345863
60.19052655826543
27.567091368751406
0.0
27.85268962821204
-7.967620481514645
5.619234723768046
5.619238540014235
4.102787666604787
1.1235832170290168
3.009453945352375
0.07093471945348061
0.0
9.736676456911383
0.0
12.134305048442336
12.134305048442336
11.148216396470383
27.72960622497286
16.58934599417738
-16.575570360312692
-16.57719817404989
-16.054867690061123
0.9919259202653892
0.9919259202653886
0.048197501831125804
0.05831791170966252
0.0535950136865238
4.623388544028896
4.661855377013428
9.957715999482133
0.44321658846844525
9.672213684321774
4.421917864480017
0.006052250966154243
0.006052250966154404
6.403535397743173
4.83366882692938
-1.3307464047501905
57.60931514864956
-9.91562945013806
4.534636769838548
-0.007935553989953055
-0.04662929671252603
-1.8157264225777372
-0.09325859342505206
-4.612056538820462
-4.9073937263170855
-4.32773655077549
