9.864929199524717
47.69707868943964
9.834794500212277
46.882455299386734
22.204547073840352
0.0
22.46581256427123
1.216852642258128
13.591763223465087
13.591772797820168
7.669330557611977
6.162608757606755
5.202229491314054
0.19918882489908307
0.3372121872319568
1.979326078534921
0.019621412756790427
10.673896970139724
10.673896970139724
9.764743761826002
21.89603327511404
12.135836011888085
-12.105423609665646
-12.114757303896475
-12.575734841005245
0.909818651401268
0.9098186514012656
0.2879834666762468
0.2954593746537683
0.15700748057278352
1.579200031328079
1.4976841946054502
4.653501687603527
0.0
4.651304321618301
1.2284884555061346
0.14371887575238096
0.14371887575238226
5.009897079566486
-9.034022167817911
8.265375714710144
27.03530514164165
-8.6744393931907
1.4805358506328308
-1.6718227966044142e-19
-0.4460184637000579
-5.775164831277883
-0.8920369274001158
-3.8628017128063448
-10.630339882838635
-1.109945773117263
