4.091307105605465
20.438735038521205
4.071700653607792
-14.65564368537672
11.593086125121859
0.0
11.910675461844363
13.375424390615926
41.50819963649002
41.50869367263687
39.68367561109833
39.60652865828638
32.63618557447744
0.059435454402555946
7.3759080834130675
41.56615615306265
0.019884673178260207
39.19200067193137
39.19200067193137
39.19612154592703
26.229432157564396
-13.047683510737457
13.112487152115374
13.112487152115374
13.116945005449008
-6.539089559777952e-17
-1.0049618338160447e-15
21.645437402355203
21.67422449456085
21.158501079111367
5.578648492335214
5.214420496718684
13.843877534060969
0.0
12.43004654926931
14.331542578353046
0.3040582069615175
0.3040582069615175
0.6536507026155349
12.103544017135683
0.0
0.0
-17.604405086506596
-15.39084502574622
-0.0019294831691796324
1.0932854112906294e-15
-2.6159308311764757
2.1865708225812588e-15
1.7814333450975224
-7.51311652661024
-0.0022300580858066704
