13.443462294737907
47.617845593567985
13.736019063121475
52.47499625058345
24.27525092193318
0.0
30.262105309153796
-13.474974462612755
1.974761121561421
1.9990240036305462
8.862180381439467
2.6980946333519924
7.41001823067252
0.003245591591756726
0.17162645871283033
3.5681911201365484
0.0
8.863564621611701
8.863564621611701
8.710344017642136
22.457155053269933
13.859070052374772
-13.941736656446906
-13.920147517652032
-14.253628090274987
0.1851103815905623
0.18511038159056234
0.015870787069539666
-0.10984439483118336
-0.10248314205155391
9.251656329385682
9.236936526474015
0.0
2.8649816877696765
0.059671833969517474
0.04202082221784641
0.015432355372854801
0.015432355372854643
0.22709730857269528
3.4394829598085055
-3.646038914255831
35.37493730812778
-7.530370663898663
8.80205125176847
-0.0028825025865469377
-0.34758010439967885
-0.3641511976120077
-0.6951602087993577
-8.257108567245261
-1.5003377898355743
-0.216878277654245
