0.568558117657073
13.48576649445771
0.5648070258533471
52.372729044655394
65.69004240411427
0.0
65.67203254901597
49.56172825087561
76.38488842930354
76.38488819097724
70.1836435880857
0.0
4.949159834411911
1.8112294629786772
0.0
17.526762308938107
4.254454517790293
50.56498479748284
50.56498479748284
50.65611030287197
54.631553250046004
17.603888416723606
0.0
0.0006732502161423316
0.0
1.6135299509314704
1.6135299509314704
17.164245096499265
23.245178115603913
17.226854495772773
44.59017879488369
44.809133476295905
49.1944739544908
0.0
49.34603142953651
41.20391253164754
0.45144243710124865
0.451442437101245
61.134472154193055
0.0
1.8549895688555258
80.26000191339048
