100.04177970104136
325.57283543067075
102.73163307073385
422.4326097637877
173.01771830514778
0.0
219.3848332972533
70.0231527306417
149.1261869784751
149.26540066239272
97.65165769365692
91.62790243592698
97.88391914134462
0.01181866401453745
0.5870563719216911
232.33319891345852
0.0
6.530457582420688
6.530457582420688
2.4016385421278925
125.79876632830958
123.68307940260293
-123.62319560515238
-123.68837286907421
-126.15937724213977
4.330088175628368
4.330088175628374
0.0
-0.5054518152058006
-1.0658763207747772
280.7801460089347
280.3110074253376
142.56970655067875
5.656202510545864
291.0614720132639
134.10546519714768
0.31640871394320963
0.3164087139432033
139.57840637998513
210.72239834213374
-38.18687333902407
751.0990046695359
-137.86983400238154
295.66392260692896
-4.515479541787278e-15
-2.135707601237149
-59.113907590202814
-4.271415202474298
15.063184981964401
-33.34390722306173
-135.08970951417479
