610.4178545121584
483.36594912192464
501.9139966289421
515.3633008759405
528.0406735124017
532.3519735782329
540.7613253034225
542.7427819637034
550.804320765965
565.438236857912
583.1833573518278
597.7034551402484
608.170226049088
617.9574493831243
648.8442865943554
656.3194731931022
675.796613210761
680.7600322691609
730.11341556173
751.0990046695359
719.4675852513811
716.8783659099171
747.0883418992248
812.7425502434727
850.2920750419247
857.9951869748115
851.997176446354
872.9070900874558
875.2008465112679
909.6309331335833
913.796644894907
920.426184408253
921.974183580997
922.8384958084813
914.3455824234541
892.5613320658947
878.7169550070703
897.1957604319769
912.0180028700427
906.1571040644268
901.7404318776715
899.2225652680893
894.9491013071518
888.6206934496928
880.8457139518733
871.4819065125591
860.0490480002754
860.3789643141795
842.9871805042385
826.4511339588784
814.5115542515597
804.1967120480186
800.3306120442186
787.6289705046958
789.6161309408038
782.8481863627192
777.0978438645747
772.8322876595297
760.9909024181655
759.7802699428785
741.3091928390545
742.6077267907413
729.9254940840833
720.564980205424
708.0863953202435
702.0956485788349
695.3881712743422
682.2353608866907
671.8723165458825
664.8587638624173
657.8344962063487
645.5660846864375
631.2048131570823
617.4235083163063
605.5040713718658
588.9079167276635
569.8163461003265
554.5865661247961
542.0917605536174
528.1286016647298
514.5940807067129
493.75994224139987
449.0941605085283
467.4527289849243
526.1439357765395
410.5163489076491
430.2863581596361
409.9133602775699
410.36007308919534
420.47110424546156
424.81531187535563
417.4359856300857
413.922904001685
421.7530148324542
409.8176727296197
410.7830216861467
393.392165831354
444.28133474857424
435.3965216912522
432.7035660815068
427.415622578245
420.81034902163447
448.67788921862376
440.7872319258368
426.14541902167394
421.7447218067003
405.1469947835477
395.1633510306987
385.45347543864614
380.27726902674596
375.43234967635067
363.1578710351055
350.2370124568638
333.6885181054444
328.4695749422031
320.81137364846126
317.99371480924924
304.06614831649694
296.92888376802534
287.9424684296825
282.1601734890346
274.7196037190445
264.08711805206485
261.10456892489657
247.6940237574478
241.3765653510591
232.79139082158562
226.00455581214462
221.08408981882877
213.13851770537343
220.09528243488077
210.73649723883975
200.51479036561187
198.44964168597664
191.22744082137837
187.4271058347992
175.71150968823417
174.62140789630286
163.14458835000727
158.0615014131087
155.63664272429165
147.13029983844672
146.34200440672842
138.51977466510763
135.9943466452707
126.26976852404869
121.24414405247612
117.55509795132889
114.84634410836507
111.70095802977843
107.43146930326722
103.05375628735976
100.07401657260561
96.72653299919978
93.53273284755848
88.91287399569174
85.89267155738128
82.64329997617187
80.85921881928975
79.37579442442258
