0.0
7.3063840360562535
12.865836085767668
12.275347532994227
0.0
4.925530111330976
0.0
7.036180721839098
0.0
16.090298647132432
22.156077724308393
19.05845259369862
13.40616915369565
21.183399626697742
24.74449329949813
13.21661080423667
3.7361669072857797
11.13745381195798
15.080415479520386
17.420679086411536
26.80694121999366
6.540477863097607
8.42867047608571
6.008046524548526
25.549041143456172
30.882129305906368
30.178160881616634
16.392897039922012
14.41428787621385
25.061117846696575
37.140142909731935
40.997119958396084
33.93475344312772
47.819777230750034
43.52575155812247
47.863747525950735
35.74370229163233
46.283479214427885
50.45438682848351
45.41485845502858
46.3642012527928
43.33327097170424
53.22690132957851
52.89794307343419
54.54921230560372
53.5057102518006
60.14660019293657
66.31047794525011
68.41310131356975
61.597873767256246
65.96138021441804
74.56982211900021
75.43698672638114
70.42019822210811
68.28067175888425
73.82576262824595
68.56870366933845
76.10078970763294
69.8731980736329
65.22687892614815
198.50128657844294
194.55694195647527
190.19110254288822
185.47022999454651
180.39506024739615
174.2131140456788
166.62307483423194
157.29520523428266
144.42042474785342
130.2458183251079
114.99691874490534
97.60829190574773
78.61786348329906
57.42863420862112
36.19472117178547
16.761121540744305
3.3051950695573633
0.0
0.0
0.0
0.0
0.0
0.0
0.0
0.0
0.0
0.0
0.0
0.0
0.0
0.0
0.0
0.0
0.0
0.0
0.0
0.0
0.0
0.0
0.0
0.0
0.0
0.0
0.0
0.0
0.0
0.0
0.0
0.0
0.0
0.0
0.0
0.0
0.0
0.0
0.0
0.0
0.0
0.0
0.0
0.0
0.0
0.0
0.0
0.0
0.0
0.0
0.0
0.0
0.0
0.0
0.0
0.0
0.0
0.0
0.0
0.0
0.0
0.0
0.0
0.0
0.0
0.0
0.0
0.0
0.0
0.0
0.0
0.0
0.0
0.0
0.0
0.0
0.0
0.0
0.0
0.0
0.0
0.0
0.0
