0.8703841616633378
4.340644778328475
0.85827092467742
0.0
2.5281274939211698
0.0
2.8107017337470075
4.60319160879189
12.59692454559315
12.598439010287581
23.654237936971217
24.907002422171338
26.499288434530484
2.1981919397639986
28.43737042554471
26.348808115078146
1.2867379165056017
8.261254330386912
8.261254330386915
8.263226417599027
5.565429036001463
0.0
2.7812791109041086
2.781279110904109
2.784153881479426
3.410820978042613e-14
8.714387836686576e-14
23.884837743792442
24.025599689768118
23.559722323283424
15.0124848651457
14.929576548481299
13.121420131573267
0.0
11.394458682416136
21.09502249231525
2.996766129336042
2.996766129336042
15.226946417277572
22.78026222164193
0.0
0.0
