0.8444929202969651
4.233788795086367
0.85827092467742
0.0
55.16807964922053
54.59618601329088
3.8281927618678253
4.097183492954675
11.8508725869575
11.850963967031308
30.864596276963383
33.96253770810016
65.8098547476835
3.2407904415517357
58.008021951184155
29.088200735458937
3.4994433263456606
8.26125433038696
8.261254330386915
8.266586345450614
5.4023185647843075
0.0
3.2449293549984946
3.2443777111331484
3.2749929045708406
1.435319258343264e-13
6.222164908240942e-14
18.263550116224337
18.267661400965313
17.76208118197728
41.24215726354999
41.379397693430874
15.03958298521795
0.0
11.394458682416136
49.69657237362206
2.8728430112618026
2.8728430112617773
59.80079380891233
39.5831596480746
2.303584805888635e-11
0.0
