106.73555870694419
290.5588572717661
113.292475968965
303.5027844691058
102.59573919005162
0.0
173.8369330069319
78.78944551010557
149.47684789489284
149.77447058652766
97.95063734963573
79.97073732399005
117.63833265569902
0.0
9.13730924190926
409.04205149269364
0.12789516257842018
100.97637060875992
100.97637060875992
93.82045804730409
171.58159740927334
78.35346358347992
-99.53186302785524
-99.56408744830384
-101.71527371038555
7.391172957518229
7.391172957518227
21.344021110420105
20.78261318503363
19.530962495456556
370.4740594934722
347.3585414989652
225.52868281769545
2.7997088759898605
397.81693936718517
150.56985340360308
1.606582692178967
1.6065826921789355
235.7202155102624
366.0578722441636
-46.35705642579377
1.911179719967826
-121.08394806171898
337.1775231062579
-20.745976502032878
-2.253072304050624
-120.43266757064131
-4.506144608101248
65.7669677188282
-51.1671215389558
-139.1300455940273
