30.48905862318853
152.4928292174958
30.582543609248123
-111.29574422013302
98.55394292051453
13.722858123299046
85.5717807521729
88.93215822231869
282.27988676724044
282.2803555024794
166.65299763364297
164.290681033613
91.60559419706725
1.013909480396591
76.61980163840131
307.0498760743668
1.0265801333401923
294.3711170468765
294.3711170468765
294.44973253696475
196.5022779730572
-97.94652425324458
97.89423059666824
97.89432903139112
98.23259842068013
1.9394347444297332e-14
7.65707322437629e-15
108.74258733129362
108.8518573327529
106.45814989686242
44.06960425411693
41.202130061866214
113.14301512201276
0.0
93.3620796315618
33.02764582604444
4.112120100947874
4.112120100947839
69.99828714124376
165.2289848254902
2.5341043359922153e-12
0.0
-91.83386817079861
-62.764185795714795
-0.05219522185347846
-8.88846711910505e-15
-116.14468396135973
-1.77769342382101e-14
123.84776198845107
-29.153660539863033
-0.0
