3.667625573164177
11.080214024071338
3.1794490135043594
126.8668635709056
78.68598608160075
0.0
77.98108898812362
89.16701227447663
148.7448169686797
148.72483125604816
129.04199282653207
125.29733075765593
128.74592805823843
0.0
27.45251422459132
113.26513130134195
1.2789516257842013
125.15549080505934
125.15549080505936
123.75930883608709
95.81174552714357
53.08388855764728
6.2761632001153735
6.272401274847044
6.186437283091229
10.507248967746355
10.507248967746357
44.960594834732206
44.74404625137033
44.38101634859178
109.34714362875278
109.80029565421145
127.76707813933004
9.5448285300826
249.446713041334
146.1996042656592
2.7164096835346485
2.716409683534593
151.92120964119417
134.31201647337423
0.0
17.420679086411536
