74.09548321763016
358.2527580363812
73.86914149109441
352.13412175369376
166.7783530716149
0.0
168.7407181702412
9.139780196000801
102.08773357144626
102.08780548442728
57.60434181822356
46.287354378384336
39.07394570925987
1.496107263817013
2.5328007382992275
14.866718175875791
0.1473764312162529
80.17164014271947
80.17164014271947
73.3429903950751
164.46110592938155
91.15226428529141
-90.92383673219867
-90.99394210956642
-94.45634439079039
6.833647890674925
6.833647890674906
2.16304381820529
2.2191953630244536
1.1792831865821771
11.861371435305202
11.249105985681537
34.9524511755901
0.0
34.93594675967506
9.227176789306577
1.0794724757761334
1.0794724757761431
37.62933696462388
-67.85454050248033
62.08123699318789
203.06217691887048
-65.15371428225535
11.120304774103191
-1.2557061025295755e-18
-3.350044680851135
-43.377263047728185
-6.70008936170227
-29.013503664888457
-79.844482860001
-8.336802701883764
