0.23116553462764605
1.559737431210443
0.7525150205919378
43.81984908655137
43.5056882250827
0.0
43.90367256321668
0.0
40.260452466606424
40.285778311918186
42.955378367383666
31.469568568434493
30.92350509686263
0.05742858985510316
5.996265248299191
31.11951551930787
0.0
43.51014765262502
43.51014765262502
43.42862546878268
42.228383088374095
10.542178497506075
0.0
0.0
0.0
4.162551772030561
4.162551772030561
0.7090647811474595
0.5368366451509259
0.07351527919708284
21.935937722182718
22.46165521045431
0.0
2.179313234482779
2.092636769583488
1.4071545919962432
0.6624265913355495
0.662426591335546
1.0627981265565092
32.48504798935365
0.0
49.506681308879344
