222.00198916476978
268.44474548456736
276.8139825418135
281.65803177737297
278.7769717513898
273.6172892797773
274.24876247555915
268.2032499696292
234.52847674105732
234.62151302036924
235.02805847879628
242.40298760863686
252.13781995194248
258.18841440896415
264.41884681539966
304.9253930570885
308.0311100042485
303.7607120383839
262.90784050875226
265.7011541213477
259.806975318996
265.8683659996491
259.11099264605025
263.05286527978745
264.90742794082576
248.81855356439843
239.13100672433765
223.89636218640211
247.7880932896218
270.8008678903306
318.1072209789334
322.9087599496073
244.04016858922284
353.37381075373384
360.4542229264506
359.4986096099585
361.63180969904096
342.11639761907946
346.23457434905794
353.4460669951612
352.3712787812127
369.51014722407353
362.6475202935884
363.8086071081714
380.5409091763316
404.1051475431507
400.20144767324905
415.2944523417411
416.06049595418926
434.4552741267343
428.8478134265335
439.70865187695125
427.20376419323634
408.9974861615997
440.2742185053625
474.23288811600673
481.4128082037852
492.23820169167385
495.1684567428998
511.5555622593674
537.1921696557545
533.5089480512229
532.9053929566537
538.8138291534663
537.8439404641204
531.7878560386221
536.7415235103784
547.4576498562562
544.5764040654718
544.5685440137013
529.7515587707687
523.0739951981659
508.39678377645373
494.1845868457106
483.2364894852142
472.41784171718547
449.40145314931965
437.677307708879
421.419947690002
406.1587431835279
399.3488598576714
383.514867410289
374.0980177346742
355.1161127664274
317.89438606037817
292.7990931563008
291.18273841945995
270.45092298332196
265.2614345562899
251.56383257904375
252.01111884031982
240.17279211517243
237.13225338172248
230.15608225261715
232.84619139481674
228.942131331304
222.20310541032651
213.7607028194653
204.48807368146547
203.06217691887048
195.96878399272848
180.13522804807218
181.42863586407245
173.88011847101188
160.35889341530137
167.9123577354538
151.33891186727342
156.22197367236456
147.37510494331013
136.3376264636508
133.53268153785967
125.69610835903427
122.03776036922919
116.09583378366987
107.5414107546927
100.30318588368492
100.03780885340615
97.6039446484374
93.41427615299814
92.30958616871594
87.16571489082841
87.82392166556663
78.80264670600798
80.68281779278368
71.26278644154436
67.59511950608793
67.66004706755024
64.89403167105209
65.16804440444345
57.353758776144225
56.53290949132728
62.2886236708127
54.75530958462095
49.306375061404204
52.88846734686882
53.02521350039541
51.01973400572115
50.71101581670077
48.8239031433313
48.03748233517607
45.74916209610092
46.35733548627876
42.55353040290797
42.80856073806603
42.087188695992616
41.754084630411725
41.41676219104433
40.45727860567871
40.81007161859143
39.22509600009133
38.12607148863359
37.654236863437916
37.030674249457874
37.486464963496175
36.088446857882985
37.548921019722606
36.497236787384566
35.86692738650847
35.40789261008798
34.894284623769074
