75.51495391493899
73.6679330359667
76.82934764232681
74.42277945295605
76.20508919278448
73.96357153358295
78.37481658182053
85.03272482464129
85.5939656286067
85.77656171336231
86.78022629226736
89.97186538255434
85.26930500807241
80.7331051930456
79.77677709727138
41.09763562741827
42.579119246169356
38.63860766546712
46.18429419267067
49.506681308879344
66.93947108869077
46.27913343957023
47.42583809096971
49.39653505669781
49.8484729133258
63.37796500811537
72.83952113979821
68.19240496586332
77.26374114897895
77.86483123018986
46.36471829659764
52.97765239052638
83.8963299533933
38.178058491705684
38.68752768537244
40.29928934157736
47.49222616024038
35.22430867460768
39.32596623143508
34.773047527191935
64.17006906812131
55.567200050554
59.90095383024061
58.03738347437577
56.11703357810054
56.013124829334195
51.71482626018786
51.62643079072141
52.606689486094865
55.834576583430405
77.92409316377562
72.4590187116398
76.55116987450121
69.39232954187982
82.89678754443808
79.20882345474071
83.8638065845053
79.61157092952763
75.05795150970809
82.1227066622531
69.0195236325675
78.82175368685502
78.16451357680171
76.26713825016041
69.82362127934805
69.91288046151305
66.7571115183203
60.79217725756793
61.69842513884225
57.58588374714739
62.62926660329766
60.116550072619376
68.37309864202963
70.89455084563362
68.20658548292671
64.55075167982872
81.97317743618565
70.05973072831574
73.58786843147298
79.03598825875694
83.39253571426437
82.94801660513534
85.5204088224982
90.93084516307434
75.23015186029257
75.56466376983482
87.84895854202547
87.50741872358006
84.47327897963608
94.02524085319412
96.84829487434479
99.36200266162172
101.50373500529719
105.81799687017987
106.90932904611209
100.3309866706961
103.52911606468837
100.02439878910313
101.73126262758494
103.49073036869636
104.17030531005231
95.62686606823341
108.34555918895325
103.75465861299891
98.74497141723755
103.77303976060247
96.1350012972885
97.4616404454252
97.5414050260765
95.90791280277173
99.41626774674494
92.75965379509391
86.66509540365574
82.62519348295861
77.19181966469436
72.30787007548028
69.39859534005699
67.17352520400476
67.00243977885081
63.87594234667968
58.7288585503729
71.62807452894207
55.29060425213204
60.69107183124561
44.622323904882336
37.17043826128566
50.14728706068695
48.71701372060492
52.84166523255912
49.00496858794598
41.999838716304986
56.66370293724503
50.058806289981426
31.253329325495297
48.28126757850393
43.776882902258315
40.84204469215587
42.48064943365475
37.87482632506608
36.08892210628038
26.312401956565605
26.97747993364149
23.3946183862443
23.165055290359494
22.844443405874202
22.449680663315497
22.270818430959977
20.969764178280975
27.788875542802824
18.68365346211599
20.00756806800308
20.254018565342783
16.854278097480453
17.136638306812454
16.36777094537121
16.458119009955492
16.696960703157586
15.592941339428096
16.26988948540037
16.108499753022652
