100.97384529577643
357.6576382532892
103.1712391831054
394.1396968381323
182.3314096746401
0.0
227.2986729770542
-101.2105331886844
14.832430784047832
15.014669291269033
66.56383684499184
20.265388791106815
55.656646930581296
0.02437763844568477
1.2890863313920686
26.800683503345617
0.0
66.57423387292549
66.57423387292549
65.42339391651008
168.67569160511047
104.09547516338691
-104.71638402657273
-104.55422800508441
-107.05900058605543
1.3903640761267135
1.3903640761267138
0.11920548167931244
-0.8250412495770182
-0.7697508799492215
69.48919069001586
69.37863025034632
0.0
21.51887745683804
0.44819514494504575
0.31561839567824435
0.1159124212055124
0.11591242120551122
1.7057278846895143
25.833956511121688
-27.385398284975544
265.7011541213477
-56.56061405654285
66.11220695203298
-0.02165047692755405
-2.610674164145988
-2.73513964526379
-5.221348328291976
-62.01914244857916
-11.269037139454998
-1.6289727434610342
