12.80949316647521
52.0843429746757
12.793727257284953
56.50279379267611
23.701126827811102
0.0
23.56854662750436
1.9232007411574374
12.586248592400326
12.586281978310737
4.733469080622683
-2.9952920574089745
0.20339839912636937
1.0454868478093127
0.0
18.746400666666194
0.404676992528616
8.377651338665018
8.377651338665018
8.356711273934286
24.569471649384347
16.1607098158995
-16.195065233367654
-16.193295393181177
-16.603984693316526
0.021486036786729706
0.021486036786729678
3.504367433493753
3.5354857649261993
3.547199537945337
12.52108307444785
12.34956630214655
22.865449641169047
0.0
23.352817942272917
10.38901184156286
0.006010417216099691
0.006010417216099641
16.58521582159657
-3.2020844044039682
1.1927686293657913
70.31401965979627
-12.829308870008596
8.033382125750236
-0.08216910348425002
-0.08099611353840949
-9.243510137552507
-0.16199222707681898
-5.691823717560304
-18.42631383122839
-5.7842449453687355
