50.5
50.5
50.5
50.5
50.5
190
85.708
2765
650
9240
19.1
64.5
0.002
500
4700
240
51
16.7
73.56
2633
2.48
490
384
71.4
15.47
58.4
0.67
540
505
0.683
275
157
14.3
98
1300
1300
2100
50
13
8.8
46
112
69
99
1.08
1.08
167
5.3
1.1
255
28.585265
145
2343
78
1.7
290.055555555556
11.2
2770
931
16
16
1500
217
1000
1500
81.7
167.9
1500
1500
108.000833333333
0.56
48.1
134.4
66.6
120
227
3600
560
20.2666666666667
15.7
0.167
180
40
12.8
25.62
12.11
1.55
82.4714285714286
1.89833333333333
1.89833333333333
217.742
24.55
37.3
37.3
3
6.9
2.7
0.00417
0.00417
0.0555
1.5
1911.25
1854
13.5
7.33
2.09
67.725
1.38366
3.5
180
1.89833333333333
14.98
0.6
490
5.16
15.7
135
942.75
42
1.5
405.5
1270
4.74727272727273
3.34558903846154
3.34558903846154
1.94667
0.0035
0.67
0.67
0.069
0.069
3.15130434782609
0.17
18.4
9.4
9.4
134
134
2.2
2.2
44.7
3.15755208333333
62.3317
1.95
6
5.7863023255814
5.7863023255814
26.36
7
11.4053333333333
0.05
5.9
5.9
5.9
1.74
0.00295
8.6
1.00085714285714
0.1511
0.43
415
95
43
95
280
103.4
490
80.9
80.15
106
38
175
103
70.5
585.4
1
1
1
1
1
1.2
26
2.2
18
35
2.2
2.8
36.7
142
27.7
73.7
1.8
13.3
1.72
70
7
90
5.7
12
13.9
