100.04325805872253
310.8657155045667
102.81949086402491
407.0845003594472
159.60828613376364
0.0
206.66253326900176
69.59583622866923
138.17202966332405
138.31346784231388
87.868030206976
82.92931320046083
89.54426822351599
0.006168989727837657
1.7182343256894164
237.52498866789898
0.0
7.255413853820962
7.255413853820962
2.4905157951716235
125.28119291917007
123.07991120757653
-123.02153542410589
-123.08559465143504
-124.82495356372633
4.966005253867312
4.966005253867318
0.0
-0.5140498933709021
-0.9490263969709442
297.37897069245986
296.9591908594699
155.19505137641008
7.729492476315636
322.0213176289104
152.17644216914084
0.18087124804192867
0.18087124804191898
151.7721638612228
215.63879697879037
-39.068529776283675
768.0673017778831
-148.73901376154924
312.2999703462701
-2.776345031850592e-15
-1.4200664747405427
-58.1056686313604
-2.8401329494810854
13.628724737363267
-33.901906536500675
-154.308973164861
