0.6146286801270131
66.21101425929133
0.6522151609344103
67.25262295006245
65.19532013310192
0.0
65.13366917822441
19.91701067198616
49.52906700824667
49.529074111762164
42.42325532900552
23.094072000652183
27.24692526669385
1.9732339711029931
0.0
40.181424242839036
0.0
56.14373824596805
56.14373824596804
56.93219572975498
56.56410366831693
3.4111523264033146
0.0
0.0
0.0
7.981514826043885
7.981514826043884
3.1709651898858557
4.272527361021249
3.1726736861210725
30.112697228070164
30.954402136138565
34.50538986522654
8.066114667256345
32.639837150892454
30.099969068648875
0.45460980582328847
0.4546098058232883
16.572976527063087
12.479894594550132
0.0
71.81449917046535
