0.6232236742486247
45.07237637297122
0.6173453566763952
63.20298432566353
69.35560790730443
0.0
69.27875230465895
50.04054609984442
75.10296629798351
75.10296691406721
68.95377372141637
0.0
5.041927074757861
2.3805349565336327
0.0
19.73083124916958
3.867324634155328
57.18764377023839
57.18764377023839
56.972006483639824
56.54835635176159
19.123408907499197
0.0
0.0006732502161423316
0.0
2.3630437725146094
2.36304377251461
20.13420336823158
22.881045484984917
20.27443380215271
47.27617799590656
47.47282344786927
51.18302308813623
0.0
51.41992816487734
43.82416251157792
0.6354488815037846
0.6354488815037946
61.17443032678272
0.0
1.8722673514173573
84.8480919282234
