0.025417223258440882
19.350214249595524
0.6599902623835924
23.78590380869845
28.135651092124238
0.0
28.86739734972332
89.07665010649275
125.48916972590824
125.48920290113732
94.32457596698272
93.94615385161282
93.47368846925605
0.0440317662696478
8.459119113936035
86.29250801618322
0.0
16.133599128652634
16.133599128652634
14.722349237783991
17.010756536896576
8.011696346879978
0.6649469532707939
0.0
0.0
7.429915700767718
7.429915700767725
0.0
0.0
0.0
103.72719775929525
103.54182694574448
91.22428891127151
11.594141641944226
212.26301433175198
131.09805601747092
0.8905690650834563
0.8905690650834579
79.57103017730856
70.24942132357238
0.0
174.9689312242414
