96.29798425416975
357.5976377895677
96.17586634004648
402.41940727634255
158.73418699682065
0.0
157.79451128332752
30.943007474097303
93.65373321726835
93.65399124735801
38.64645591542995
-20.95285915582891
1.8774397904429794
7.529933016903476
0.0
147.91024811230056
2.183293525000974
51.371632317058165
51.371632317058165
50.98479045244616
171.63006688900737
120.25577149259732
-120.2929955822149
-120.27952024196898
-123.37187140915822
0.39092585544387404
0.39092585544387404
33.034782129645684
33.27593585614412
33.324950125656294
104.36830904320114
103.59864968163926
187.52412025523228
0.0
191.26636522585585
87.0783970773886
0.09032337227154759
0.09032337227154902
131.32858891585136
-23.86436801857177
8.912856688631468
504.2948447867857
-91.32913319822605
63.98873256689352
-0.39366623396301187
-0.6100499821962371
-65.55090811793161
-1.2200999643924741
-42.880737262531156
-138.51854107572805
-46.09620909732176
