95.91548700539772
398.7328912174026
96.15285769633647
424.44616447274086
180.41099037679615
0.0
182.56556103254775
-32.490930726815456
43.27723123754754
43.27726074585057
28.710596701805947
8.502823113825762
22.79333222520155
0.4960220474320984
0.0
80.28005466286264
0.0
70.48873725948236
70.48873725948236
63.60344247040822
187.66875162093646
124.12576998670767
-124.00359086308188
-124.0156076411893
-120.0845437908932
6.929643939814594
6.929643939814593
0.45784367738761955
0.5345853366395854
0.4981156282468523
35.162269697682675
35.193855208325495
76.8706289671423
2.821468877692329
75.16530398402085
29.048876372957487
0.04658117307090879
0.04658117307091
55.08404847473944
37.81723665279939
-9.90565941536481
404.954547378885
-76.01931595546573
34.390605113639346
-0.038630750942849866
-0.3057440389449333
-16.84706818074759
-0.6114880778898666
-35.147957382658205
-42.471114919463915
-28.285874242268978
