620.5465134205106
486.54393789547436
506.98157580783044
522.4636516575313
535.1595880656052
539.3353979567192
547.6270584515232
551.5441078996631
564.004158257823
580.4768275733678
592.2231082200315
608.4366210410476
619.7952173206216
631.1252078994894
656.573867332391
660.96645949735
686.8954242302477
689.5404392292744
752.2616552196566
768.0673017778831
731.2689220275535
733.4524028714649
760.0189168688647
834.7851056500823
858.737484740719
865.7142665209739
878.5134350814692
889.4447650921002
908.8661712695975
930.7654838060947
935.4595298548702
933.2158343689953
934.2994781277356
939.7023828463948
937.6966177032181
912.5403318098579
900.9659262338315
920.9702386137616
928.0144990240789
926.6109160401986
924.4705718182225
916.9941722332535
913.0230266792406
907.2967548091111
899.5788018248048
888.2801088461728
876.3001160043026
872.0725473880938
855.5356293531472
838.6694323600034
827.4808653820868
811.346812351089
807.839388035938
798.6570343620576
792.7128088611885
784.4802467374735
783.2512930837713
768.8547730452369
762.2092937801488
754.3756904727713
735.0198006437828
730.7061995673881
719.1022216539717
709.022661413002
698.7898655601118
691.5212897887934
683.3448144594751
672.8538607738878
661.3076918844891
650.0932039533286
646.4646161128924
628.487548891972
618.5962543634921
605.2469086515979
590.7883945263011
573.131837118842
554.655576630223
539.2905775215145
518.4900607467567
504.2948447867857
494.19067325311175
480.474235109527
445.3706205527036
461.6233822290217
515.7870387692593
403.28382292824085
422.39972818293086
412.36154982899427
406.0124438821305
420.3661274141165
427.1127514419537
422.03356941130534
408.6951218311849
410.01934311710204
398.3781038874204
399.17678803576877
387.3076627709597
414.4338325094777
414.66190795358926
404.954547378885
405.338554987858
403.86763507073357
431.4653198316399
421.94638809145033
406.82044519004944
402.4234961476422
390.61347205201207
383.60308670428145
378.30248471446714
379.47232698624276
375.4966532386442
364.63734710479866
360.46523306977224
348.17719982013216
344.5473385785188
337.150019993774
332.5487170236325
322.42245942792147
317.64292760786594
317.22477314608665
311.60041923455606
303.4979529901064
298.78869855131074
299.10712281008966
284.1868073307535
285.3132358481406
278.34552723086364
272.6490661152139
264.38275455108703
260.83396611688283
271.4857591576507
265.7561803962954
256.14094290739445
256.5961486564697
249.93195979978603
250.368234243961
242.91675524310088
237.44393055495377
229.50036689858408
227.23241781562655
221.27684369885472
218.26723933735167
215.36327501396576
211.187896705156
209.71335150584457
200.51885489295
195.786844656524
198.83449639100286
197.22606009856162
191.6632701579108
187.1885027015491
184.5099003558468
181.88566117794352
178.94443116635674
168.82899672554552
166.53369864908262
167.69279250567655
157.44517582458465
159.29081814931115
161.7685180788331
