101.99008230024614
109.53450919928929
106.90148253512429
109.13621700692167
110.43955699235055
106.03602764825655
111.17100687712367
111.43994064634488
115.23465662332765
118.98266410384574
116.46166185227013
112.764003947125
115.841608884053
131.23559008572792
117.92490341419895
123.88899676973338
129.07747865492794
144.22663562264958
171.18786775271602
174.9689312242414
160.27065691462602
174.14556638809063
183.94068582022493
148.53366121715356
133.8847070997135
160.3178487914442
148.80402058118943
155.19127873669544
147.5299582065703
144.3661204393841
146.05509851878622
156.76588714082956
158.55174601156364
160.4174961108371
160.3794692675598
177.8527259321447
178.86768868659527
160.87731578225132
155.4826007778286
153.5033358092899
152.91294995477304
147.95150798627725
149.21928748253035
146.24625875855054
138.6711660760399
135.19280215894358
130.95385441061495
117.47175134861034
110.46399740413818
109.20912759180113
108.44824139370135
108.7844953945567
103.59351905225239
104.9920139385338
96.0377186313493
91.13370822966854
85.65589838944919
90.08259901677089
93.52377820482192
88.4343848897582
85.21947824603404
86.58920169286145
82.88034300012472
79.21351327524458
79.45447345325154
76.82023062801726
70.58727879727451
70.74376906709466
64.03076070039322
68.34205915171016
78.26268367738093
69.28903562004145
69.7061579701657
68.98692440225285
70.57953406567411
74.33581083319153
78.8221216000338
80.69214044911898
82.00999695083087
84.8480919282234
79.53546667697262
85.3171712985517
75.53625743976323
87.75630967367138
62.78916815241185
87.68666053123498
94.75139006299298
86.95998735566562
82.95068479405224
77.67201525178513
70.02461787830138
74.96253833837795
72.46917100455428
71.99482529914923
70.3329898914126
73.8192640904609
77.1684952591211
76.05897101132116
71.09103110747974
71.81449917046535
75.62288424061411
74.67195744486466
52.57427268248125
58.54257819790308
68.4221105270098
66.38589765197464
72.57021709069637
83.05832510121844
82.27854976419856
81.5014990244538
80.88885454881174
81.12732545198462
81.4769344946985
88.80614424841184
88.37147718211675
91.14665080468409
90.01087226711856
97.69204588771716
99.83743284696045
102.50633310950089
101.53334946026595
99.8453639930749
104.5421014049783
102.59996807388569
102.06735205245137
100.99766144883895
102.53155396752413
102.66814737628805
103.0672450517651
101.85959721869084
105.119984841478
103.58525844377111
108.21445471412991
107.36136179248584
108.25818976011017
110.46046303756329
108.90987313262596
105.65946009595743
111.3201645481667
110.25155400198382
110.48454432401033
109.56690011277944
111.01605738255616
111.38843870308963
113.37087040489443
112.72450756767128
114.3673437670682
119.84223161576422
117.73363249039201
119.24209557460898
120.04999760263736
117.07925283015189
120.1045040086563
118.06881303032344
113.1933372893695
116.21459476218979
124.20085870957139
112.98271448239306
112.81856078454922
117.20879066507632
