82.03544302840102
102.80360230805012
107.5237606314982
105.34671863336482
104.65330434201206
100.65286592522176
100.47206444826918
107.08956674985289
101.50849775187143
98.11408612682665
111.57902628029015
113.18054602637582
115.36155943340542
102.1275477776847
96.28762895998854
95.9499914559707
116.85675504346175
118.24590884900945
102.7977525525238
105.51543555815151
227.74655522366893
246.0803347199225
227.290528975973
120.11317872341216
229.4666576606988
129.12016235947812
171.92743790005227
140.7551182026942
150.86883611230652
132.37838327571478
131.42718390644214
117.84942751495163
141.5579116401601
127.99131859811743
170.82670280490706
116.67649598642923
169.60053919905764
132.26901888839845
121.69132741133647
134.57525949857902
135.4400766107205
129.48276866630192
128.79044821315983
129.90204787080165
131.91474376842595
122.24515235034369
121.24242220122096
114.27066526969695
117.48184029327989
129.83617703975168
108.9033387935395
101.0121700717784
151.98022325883267
102.95778852195528
112.40828037748271
116.56229210934157
128.3607642741294
94.52984188218105
91.99795723950862
96.07699217862343
113.7943777995869
112.5332355516774
117.868564317798
130.5416568823409
137.40468033533426
152.47032223630166
163.20758558483692
168.25562089090073
177.52440782376593
166.95845389991243
159.74581288147638
149.97323736737698
134.19817590208058
124.80903790209622
101.98826615866453
95.23309967969496
91.70603124790134
96.8349277164116
117.90272547111834
139.6801173556131
139.06996406774084
137.4356634057718
105.1077960576523
144.545957077961
74.55688546900701
66.65001607464785
108.56623055150506
58.382566778531476
67.65545077817455
49.73158802466953
57.769471750510725
52.089985069385236
57.30600127091776
84.74735064229745
87.82444877382456
98.94030488010794
83.6856051315033
95.92201617315682
101.27381353255556
104.86399329152508
87.18660588140104
65.50547845389647
51.3676347039475
61.70450784873056
54.57173429477903
60.355297979712255
60.69622066036041
69.46154296574458
70.23725691669193
72.17595910366744
69.12351628584832
71.9893713198783
73.85453070066201
72.0379504878309
70.5811218866749
85.92932941122936
90.29996508869598
86.7282576573605
78.00346071013541
83.59679565341521
93.69720060465006
95.70566937798296
105.35371024348318
120.73565992905067
114.78305552636868
113.19139835695402
113.08758788228528
124.55084483522973
124.57252467174303
141.30347194579988
134.1881968933088
139.83791458098415
113.15066207033504
134.81962097948661
126.89573688690139
128.14507228930205
111.2337335144318
120.52141004638608
123.85063570412548
119.31389381862151
120.11123537504076
119.33231140487266
116.07380489351307
121.93591653001407
124.26702472945058
123.50965380198329
136.2100659148638
135.4074959893633
145.54633088694212
144.2006071447208
139.28155014471653
147.7478749764269
160.63628481725817
163.621767384227
152.5271890526731
149.44208292491115
169.46776292371527
174.6666316796613
176.13529583057405
155.86224408234767
