40.864393580447974
204.3715606545197
40.93899081083494
224.9637791814619
189.62960318879206
85.46331297566964
104.16728901799972
-28.817030567922306
26.3018024188513
26.30195743154826
22.39361467703197
15.93769007713924
21.331587796262397
4.1592407609746065
7.813154245494615
87.29508282916062
6.787068724384702
20.3467641348266
20.346773076898472
20.10964542393318
80.69736654945758
60.58773502252983
-60.589467039342765
-60.58953125749807
-60.208105916233635
0.2398660817284159
0.2398660817284159
6.360588645791816
6.460639788135614
-0.05194089748457209
35.934376706850884
26.89286225307145
86.48523154265519
4.462450631280291
94.61440175347877
46.546877934252095
6.563033343704324
6.563033343704324
60.54208943876258
56.45364765350291
0.23953256755469154
444.9411189303009
-107.45746424562769
35.35565071143921
-0.001879407949105028
-0.04980585052423009
-4.466897384745601
-0.09961170104846018
-12.52359081186675
-18.67803538018729
-43.840665088988025
