3.828816329146701
19.144596345354454
3.8276208828959044
69.90233260940308
73.79066712768753
33.05800774323912
71.71671562141401
15.343004616117485
47.9514243093935
47.95142972665413
44.30520093813234
36.41204483093207
35.35789389772183
2.8745559003532573
3.7106820759153925
31.68696518372152
4.48060934290942
43.64555893202409
27.74333226168749
27.86753131697296
45.08201391116872
16.313712594541943
22.801042281739132
22.80093840886847
22.83700527055556
1.649008381204227
1.649008381204227
6.0681464333873265
6.0927797784670075
4.571549977041933
31.64570008838273
31.874407121793247
29.264999275828895
4.416272073365381
27.921933665227446
32.74680733911252
1.8137374596504547
1.8137374596504547
1.0696557425788686
21.55961133726445
1.0238422343990754
144.2006071447208
