3.8294685296976736
19.14564455645336
3.8276217518022153
87.36035917858665
56.23356045717806
23.970399902331177
55.961261901806864
42.264005788152325
61.13059320910158
61.1292804818953
56.747357182687246
21.068096785089267
9.596019153101036
5.721793159262052
20.206799611596878
29.271103694959972
7.782916166288188
61.00539652245625
60.819181934327744
60.19145920178831
50.52155071820519
24.777798610934386
13.834900401901312
13.834265906136432
14.095951169859399
2.8796510187224458
2.8796510187224458
27.48055403297728
38.02252227620333
33.067094763736925
8.130830731090647
8.534911161707427
10.804171815235923
9.7872925982608
8.904193223779241e-6
38.461302060617186
2.91715218409065
2.91715218409065
41.746042849468765
12.634252617560943
0.7232321848020857
139.6801173556131
