1067.5427341174745
849.7722672198724
894.1785148801698
920.0061265432222
934.1778476823667
956.6595443338483
973.9059248111844
985.0101986674484
1001.2971986847002
1019.9989785410094
1032.4084808756554
1041.622144946477
1063.148548094216
1123.3831047234705
1150.2818207791474
1186.1717929884242
1213.9043014572076
1250.2593370218292
1427.9146155971143
1448.5039147882956
1250.9074135326957
1196.9898648400697
1298.910242692274
1439.961796497022
1387.8752008410236
1453.7471365212446
1384.5303977456629
1443.3498316374646
1478.2753851096497
1583.902738649376
1590.1652824842263
1585.6960115431402
1572.8634073239696
1577.2431213574039
1565.677700070469
1609.0478667164155
1549.5509225103772
1577.6867281456566
1567.719861695141
1579.2823559237306
1574.003425313323
1572.4219343818484
1572.3779358957604
1545.6470471309979
1551.979574194821
1513.6198174310757
1515.3517899345964
1508.6498291650998
1485.2738858820985
1463.9111697821531
1442.2817916441088
1429.0689811464272
1368.4461910845116
1409.5112099564094
1404.7152368592165
1377.2972164517048
1367.2628586405863
1340.3731860112614
1327.31432399285
1302.7373928185377
1018.4864630940033
998.2159127085653
984.1882657455602
982.4190004586932
973.2966703147853
980.1483605790381
983.6439924691882
985.8815314050687
995.7474014214896
982.1371445037502
983.5054673789482
975.2765461081649
919.2760917750403
852.4350214172769
796.5909338112531
794.0107238377245
753.1593838924855
749.2133235708646
751.6049909760551
766.9589263528798
770.7011969908697
766.1501172961484
820.2045533648934
720.9309734973239
866.2066944312868
548.6838685195069
588.0425698483468
501.3093580120744
517.9078648007876
524.8586907943943
532.6494780617235
545.0567916062087
517.6755288732415
551.8378701529814
537.1523797164792
546.4302180988407
543.5190998756682
569.7684723138192
580.0017044659387
602.7828466409636
611.3794915688544
616.5825447840197
662.2303999264623
630.7024579240843
632.2798630348653
620.677559571974
628.247493570391
620.8316426246696
623.9664764762242
624.1134612526586
622.8829508281135
612.4266924649289
613.1150109500911
611.9275904561326
601.1167395773875
604.7894065719285
612.0056086989505
587.7171218928263
586.4439556550825
595.6468838702899
592.9875295135281
583.3672020162363
579.072564787019
582.6986144878737
585.3803409181851
570.3466893104915
571.1802485409478
596.5117421390984
579.2157060563936
586.1419132160097
583.8904314136089
581.269873353829
572.0773450427102
580.1522651734477
584.6982342111423
588.772060926
598.7741029010726
585.9715811481735
579.8755430016062
560.4408388253892
551.1792205966472
549.2611487647998
534.5378617329467
522.5864903449641
501.5622071749455
491.3687826772417
472.6798577880591
454.8714161649808
443.59860650893876
444.9411189303009
388.90994793351683
382.32204179922917
370.77961548955585
355.0510007085011
335.7892969122666
328.2347537625207
333.21386579427315
329.26915150058034
317.47489394960184
295.4029166185884
