71.42954992034731
84.11650162720025
86.47594596842936
89.85780025010321
91.09661218841111
90.22344346580975
85.6179986129687
95.93942032088034
81.62677962318624
84.96586634933048
84.86507654444061
94.44084861194588
109.51226601817916
87.37161316743328
81.24248898217233
86.72468173090364
100.85836592954992
97.78128458275575
92.73931445627294
100.99894834547959
232.52370058498127
248.03559634803344
212.37486929682677
133.76076487259425
222.18215226245817
118.38638517994242
177.48393978802812
132.60526936707717
143.9796899200376
106.08872242512214
122.55146814591613
137.85328741426812
118.94374292013464
124.68215918141443
148.39175718284375
109.9284792086932
140.89320282599846
99.926865262542
106.5930361945086
113.37285091987225
120.01784679995417
100.83510494601208
105.7856684651246
106.97643880818822
110.1925261361645
111.52341381721155
107.00701023029099
97.84139728938796
103.20288558601153
115.35655187777195
86.63877099144364
109.27075097381838
146.77088107271007
89.65345933679188
105.03086134945208
95.39100224744857
132.53521885413195
92.63319044966721
90.03199070121474
92.47419562816013
125.17782901688757
127.5073494222454
133.39796308286245
143.96705410052343
155.75170748140934
167.47650075588592
180.70070959236938
183.85281510498777
176.81567928146035
167.63014160189007
158.16836195097653
147.3037812100904
129.84435480108303
118.1470732784217
110.21723529658294
109.12147006255755
77.09062476515912
93.69353835094863
104.34543281893605
122.0027988531645
125.46835116640014
116.01754562868884
74.68088435889544
125.33414658468112
87.14748315370989
71.51062165789413
77.78936243906541
65.71524403904971
63.446206505470755
55.98443451663504
59.89524433862163
57.15059143187141
53.916185570152294
83.02381008953833
88.1812948307712
75.87354090621571
82.04784134826971
85.79928503943326
92.0922467307828
96.95065189928377
94.8216912509613
71.57910241054925
67.98082900700793
68.93172097468742
58.403722668904415
65.23459902392355
63.21461432709558
68.1211241021983
75.60753509084039
72.01287499946686
73.93903150881799
77.30944649052847
77.77346191606676
80.63036109593192
72.38488916070432
87.0063289923736
91.53595529758815
86.27307601985052
101.73618409338073
114.1622281248867
100.34780545812573
102.84516173841351
104.59443009618685
131.53988080556238
119.78102623025511
126.95315442527907
138.1190561741736
144.9574958828124
143.44536176141492
145.70314401840116
145.98168418767318
144.21289999775558
141.37628890565784
144.1039174062051
129.03260670177275
137.17226058146775
133.75176870624168
123.72703151148029
119.22576231830583
117.19953395120899
131.14744260225072
127.37659354277442
120.5307145326939
134.50240762994113
126.76890925760793
145.21779459407367
142.1441911758234
149.24083851422193
148.76999560845272
146.57188479636417
148.1014115364986
136.69196938893626
159.26550409162377
166.9658288068992
164.21794966530646
152.08186864629124
153.90796738068545
159.44363135764343
164.31748157458188
174.29495509067397
