82.58477290123692
412.67015217944333
82.22620405890827
438.3364208338355
191.92364692931835
53.8625211929044
139.18301148734363
140.0667096505648
161.63128048830694
161.6339183834996
24.514694266850988
24.51470017757412
1.8550867872365675
15.819596438819312
5.525800487633794
229.81435706627246
17.046639565515065
56.98164473716905
56.981646299377786
34.46782244680626
146.6276323199084
111.44160115468004
-137.34343030171698
-137.4492069611382
-163.25494216302212
22.513835063828775
22.513835063828775
76.60137983703984
76.62556225657262
67.78222485845104
185.57586438693724
179.41268626820704
356.12462609606996
4.616484194442126
360.3610806411278
173.1161406058087
8.764914186924827
8.764914186924827
211.9427975073952
-109.52535033494925
24.42396356877228
894.5130426104573
-168.60199700751645
103.24711286388938
-26.956624909285658
-25.9115181200532
-137.119225394139
-51.8230362401064
-3.5418174902211117
-254.00262016872236
-86.19974112238509
