172.0466699108117
513.3541534434019
176.44157181678239
641.0717028433387
223.54974965170163
35.77382866343678
273.18092987950354
65.13558738629473
110.05769093160582
110.37393672922137
105.82421782387571
29.284743662822216
69.74618360333169
0.03725184276970295
61.74506644194214
359.4677198061206
19.45891187421048
48.59817849307636
48.59818043567546
43.79265298250013
216.82130778697265
173.46786239758995
-225.96161247121094
-225.87464919124503
-227.27940298546523
5.2822942807848605
5.2822942807848605
127.16364532071415
127.14491076166834
127.23121504890626
392.2107064669806
374.9102415595316
315.9385875567077
6.050511608669941
583.8947678457054
347.82930564885163
0.24825767057675946
0.24825767057675946
239.24120547386158
237.921329271712
-53.83480428443886
1448.4958097308313
-62.03303485265922
248.3905843383864
-52.20423464950707
-1.8487921522714685
-111.7726990644555
-3.697584304542937
5.899493193439478
-9.946811181080772
-282.72579804789535
