1083.578313083422
843.0279358481606
883.8115726155031
908.5597761388776
926.8147891829965
949.3999954156646
964.6748932882278
975.248549120155
1001.0720150414749
1018.5985198178004
1028.1538643596236
1047.3812461144737
1074.5243133965987
1120.5553179871724
1155.4706149221133
1185.8455772064278
1210.191273624594
1248.561566417495
1424.8598893676026
1448.4958097308313
1252.5065764714918
1187.3735803179952
1284.2367439944617
1428.9221483911401
1394.6474897155392
1461.7842913040836
1376.1381601076773
1408.6374069312672
1446.5515130396868
1578.233568242409
1599.335792514771
1569.0111885809094
1552.775644801786
1554.6828092492367
1545.7510213226153
1593.9524335560352
1522.6253728812944
1561.3546195535628
1559.7705820139597
1557.7148575153958
1559.8449958439708
1555.6706476194036
1563.193205716334
1542.154323819425
1555.0493460070147
1530.2952674649173
1521.5546059207022
1518.6149088891625
1492.451322070906
1479.237108405038
1454.8201599550332
1449.1193675475029
1387.479820630323
1430.5459442792371
1418.1893980764517
1397.7382707627874
1374.4774462675168
1362.9921073723358
1345.1777994617669
1319.0410351360288
1243.6000854837507
1226.2026712791549
1194.8364597578654
1175.8997031926563
1164.366143084688
1160.9557699402574
1152.517928936876
1145.7549602886704
1146.9467281268198
1129.2006678258863
1125.4838363966387
1107.2487616785536
1063.2299878218755
1002.8320750013529
958.4558658510592
945.8002597907703
937.4234837866304
915.6165971048913
905.7446512400915
894.5130426104573
878.3018902640133
844.8022332503798
874.6990855794483
783.821454779412
893.4841281288337
604.890848122188
615.3510391887144
531.4422871816644
529.1087598854808
554.4305549777956
553.8773134031306
577.6531105339167
550.5104737327804
557.8181010366536
546.1362479132835
545.0772975725367
573.3513196759027
590.2433893325092
589.8375133570238
628.0011473079146
639.7941053876307
624.9364431104276
670.9798546875751
644.8976570036539
647.7688197896773
646.73078992556
641.3249471346157
632.3638551748526
631.3601063366496
623.8810254348236
623.4936339139635
629.0623002807564
632.7471432265503
621.8475494162237
638.9116623055463
636.8122935022526
623.3424824324711
611.3738004343063
617.1876466348963
612.1335462451289
617.5825419215334
620.923996441425
626.3068984148318
601.5956399460028
613.6255351263651
604.3259155828787
607.7597848119168
613.027555827452
618.9241351256991
624.6634278368426
618.9782393250518
614.0095236487964
620.2389961222206
609.0844380638432
617.5818755670907
619.8012702871156
611.6961499313322
615.1865324154019
601.9562921425779
580.6895384472276
563.184255180577
544.595620471731
530.0911783754063
514.6188019166306
498.8088875285489
475.67666717555534
472.5069355048123
459.79051986545034
467.74320309238595
440.6159480241503
395.48388661537433
384.2945388417975
376.4405287286974
379.06888670691734
355.08416059055287
329.62332935993464
329.3458404280195
326.6752793233408
322.9709881708826
326.76573593437786
