60.92280493741896
304.04509605333527
60.452903371611576
304.61797219498993
146.94011173570865
55.84329317414991
91.09707382212544
84.11163652057101
108.431807199953
108.43182285141906
58.0907797845949
58.09078875463012
25.781854199906665
2.845298080591823
2.0035555685649182
18.295522097973333
4.16434184603795
60.22325044129628
60.22325275470563
35.23229527136839
128.99965294864882
93.76736679956315
-97.43769726519773
-97.54323502981065
-116.11380343621097
24.991006174760013
24.991006174760013
40.72483831797314
40.724845904159025
31.26930099522166
52.27864820878484
50.11907268929872
93.02648331726472
3.359682123968925
88.634635544354
61.078007271275
9.456086558816992
9.456086558816992
55.97392830725892
-133.2523201093585
49.63351782950579
326.76573593437786
-111.72725751456471
20.947272036210535
-3.9150145427531355
-18.67611530249549
-50.34104484589342
-37.35223060499098
-77.75154002072517
-101.36929701291733
-19.516431350914957
