30.724171577252925
153.62787727492903
30.729891401383895
212.36057213768407
108.34952173981459
55.183542038039405
106.06582262866053
60.44791902632789
66.00380649014265
66.0038133060917
54.289919849090516
54.167284501603675
36.649742586048994
4.358979206313767
3.5914511097684447
24.06058594415728
6.52293403188792
67.88697615953218
63.917244901163045
59.74867256059484
93.13939343748697
53.62465247234274
13.630004644019268
13.619936170127431
10.411399493055006
10.840987699507886
10.840987699507886
13.840883909555702
13.840885497055375
13.850668402997057
24.781899394560337
24.759407213473814
31.554801185715903
3.513451342468853
31.53926246144977
37.69722741946086
0.8394916737182267
0.8394916737182267
10.287845695965842
6.869657725401126
17.92278537304275
174.29495509067397
