21.470240437168865
54.92623470566086
21.540884326694393
103.13997368036067
52.901257353479515
11.75649856745036
52.37044188174244
109.49462015704869
148.310589269478
148.28312590286305
98.07079476210478
104.54928687098568
112.18932921107758
0.2926135677955318
8.05825929067798
51.321514366927104
1.7275209598665757
90.0766039180744
82.76624236665879
75.85296440990615
67.53888333918133
34.85128851966499
0.250695396974483
3.5962342157681344
2.6192423645761664
10.021530833373886
10.021530833373886
49.44442294035128
49.47236737322344
49.924256721726806
61.808286999832134
65.8018174238667
124.03946724987729
9.689819441611242
283.69176083436764
190.56581566277094
1.2771179048475962
1.2771179048475962
126.95564549183732
78.46882512454722
4.400855638997571
100.99894834547959
