10.024429448766242
50.12200300470777
10.024263071845382
94.62446499722981
54.402281639122464
26.119968431959848
53.98085945734229
36.33081732892086
51.49529245240002
51.49546541111902
34.10663205027883
23.836975271509342
5.39748940605839
4.358241920116037
10.842639880486066
24.718984541837273
6.576505872478666
50.656288197866296
48.120492909786726
39.980044116959995
49.09637340889677
19.609921739305054
6.910277305370506
6.909246944894178
7.580105821178875
10.929334815403147
10.929334815403147
33.88390287419842
39.98039756437361
35.214519181040785
59.50042533266121
59.119577657529426
57.53361779728414
6.145100272325732
58.446395477570086
62.16583881903251
2.0041776539445295
2.0041776539445295
54.44512724556372
6.9086636748282625e-6
12.484288996542547
122.0027988531645
