27.5196655091772
27.5196655091772
27.5196655091772
27.5196655091772
27.5196655091772
31.0630004960669
23.9763305222876
25.7479980157324
25.7479980157324
26.1023315144214
28.5826660052441
38.1496704698462
38.1496704698462
29.645666501311
29.645666501311
23.9763305222876
23.9763305222876
62.2443483806959
62.2443483806959
56.2206789029835
56.2206789029835
40.630004960669
40.630004960669
50.55134292396
50.55134292396
36.7323364750904
40.9843384593579
23.9763305222876
47.0080079370704
45.2363404436255
32.8346679895117
32.8346679895117
23.9763305222876
41.6930054567359
25.7479980157324
25.7479980157324
27.8739990078662
27.8739990078662
47.0080079370704
47.0080079370704
53.0316774147828
53.0316774147828
53.0316774147828
53.0316774147828
23.9763305222876
23.9763305222876
44.8820069449366
87.0476932889235
87.0476932889235
57.6380128977394
57.6380128977394
79.6066898164552
43.8190064488697
34.6063354829566
23.9763305222876
42.0473389554248
42.0473389554248
48.4253419318262
48.4253419318262
23.9763305222876
23.9763305222876
23.9763305222876
40.9843384593579
23.9763305222876
23.9763305222876
31.0630004960669
31.0630004960669
23.9763305222876
23.9763305222876
28.2283325065552
26.8109985117993
23.9763305222876
23.9763305222876
29.2913330026221
23.9763305222876
23.9763305222876
23.9763305222876
23.9763305222876
29.645666501311
23.9763305222876
23.9763305222876
23.9763305222876
23.9763305222876
23.9763305222876
23.9763305222876
23.9763305222876
29.645666501311
23.9763305222876
23.9763305222876
23.9763305222876
43.8190064488697
23.9763305222876
23.9763305222876
23.9763305222876
32.1260009921338
40.9843384593579
28.2283325065552
36.7323364750904
36.7323364750904
33.8976684855786
33.8976684855786
23.9763305222876
23.9763305222876
31.0630004960669
23.9763305222876
29.645666501311
23.9763305222876
23.9763305222876
23.9763305222876
23.9763305222876
23.9763305222876
30.7086669973779
26.1023315144214
27.5196655091772
23.9763305222876
23.9763305222876
26.8109985117993
30
25.0393310183545
23.9763305222876
23.9763305222876
23.9763305222876
23.9763305222876
23.9763305222876
23.9763305222876
26.8109985117993
23.9763305222876
23.9763305222876
23.9763305222876
23.9763305222876
23.9763305222876
23.9763305222876
23.9763305222876
23.9763305222876
23.9763305222876
23.9763305222876
23.9763305222876
23.9763305222876
23.9763305222876
23.9763305222876
23.9763305222876
36.0236694777124
23.9763305222876
27.8739990078662
25.0393310183545
34.6063354829566
23.9763305222876
23.9763305222876
23.9763305222876
23.9763305222876
23.9763305222876
23.9763305222876
23.9763305222876
23.9763305222876
23.9763305222876
23.9763305222876
23.9763305222876
39.5670044646021
36.3780029764014
31.4173339947559
23.9763305222876
23.9763305222876
23.9763305222876
23.9763305222876
23.9763305222876
23.9763305222876
23.9763305222876
23.9763305222876
23.9763305222876
23.9763305222876
23.9763305222876
23.9763305222876
23.9763305222876
23.9763305222876
36.3780029764014
23.9763305222876
23.9763305222876
23.9763305222876
23.9763305222876
23.9763305222876
53.3860109134718
31.4173339947559
37.4410034724683
41.6930054567359
29.2913330026221
39.2126709659131
31.7716674934448
42.7560059528028
36.7323364750904
47.7166749344483
39.5670044646021
41.3386719580469
36.3780029764014
33.8976684855786
48.4253419318262
40.9843384593579
35.3150024803345
28.9369995039331
33.8976684855786
34.2520019842676
