10000
0
1.65E-02
0
9.18E-02
6.12540218007279
0
0
0
0
0.016681827213516
0
0
0
25.9255391111111
0.196526666666667
1.07
0.7965461028149
0
0
0.390902589657131
3.057083333
0
0.020214773480828
1.742066667
0
0.732083333
0
1.684433333
0
1.55678505906
0
0
0.202160661300444
0
0.002475905047875
0
0.044934852459552
7.52E-02
1.37
0.896096571702818
0.125033333
0
3.06
0
0.038087158609818
0
0.029223321159843
0
3.64342489758374
0
0
0
0.575481519275778
0
2.194359885413
0.045794166353884
0
0
0.145815640978631
0.002034885447452
104.3866667
0
0.276016667
0
0
0.376776333333333
2.055666667
0
0
0.007225527833522
0.87062515482325
0
100000
0
100000
0
1.743616667
0
0
0.003332625288528
1.5016
0
2.72E-01
0
2.1335490438458
1.5048
0
1.164433333
0
2.5482468105652
0
0
0
0
0.318515684774292
1.54955
0
0
0
0
0
0
0.051550666666667
0.063028093647548
0.013776
0.005857984521586
0
1000
0.02310699323129
0
0
3.44226311498977
1.607833333
0
1000
1
1.756166667
0
0
0.258
5.81292243656448
0
0
0.055402981394952
0.035171753206554
0.006378622722433
0
1.364916667
0
5.68248099036394
0.233
0
1.591416667
0
2.475933333
0
1.684316667
0
0.211656085820291
0.020557683015793
0.845161444077437
1.892766667
0
0
0.181
10000
0
10000
0
10000
1.00E-07
10000
0
100000
100000
0
